0	114920
10001	839
10002	954
10003	706
10011	652
10013	730
10016	655
10018	579
10019	727
10022	573
10025	545
10029	661
10033	505
10036	966
10314	671
10451	503
10452	640
10453	694
10455	514
10456	604
10457	680
10458	828
10461	642
10462	761
10467	785
10468	545
10472	577
11101	652
11103	606
11201	634
11203	522
11204	705
11206	566
11207	867
11208	727
11209	709
11211	706
11212	658
11214	975
11215	558
11218	734
11219	645
11220	1350
11221	637
11223	846
11226	823
11229	701
11230	701
11234	756
11235	834
11236	540
11237	643
11354	828
11355	589
11368	1195
11372	987
11373	776
11377	823
11385	1210
11418	553
11419	751
11432	850
11435	606
